6.0	126454.4806455539
6.0308461859107965	140234.9177661729
6.061692371821592	93637.61068420275
6.0925385577323885	135727.08339243097
6.123384743643185	162462.40754262198
6.1542309295539805	175637.3070269453
6.185077115464777	135381.53729821948
6.2159233013755735	128661.11595625378
6.246769487286369	138661.3413373956
6.2776156731971655	132918.9644210258
6.308461859107962	132793.47375604376
6.3393080450187576	138131.00140859108
6.370154230929554	115508.61661287813
6.4010004168403505	160930.6824500437
6.431846602751146	121097.42530659433
6.4626927886619425	132960.012385728
6.493538974572739	141680.4968453267
6.524385160483535	163789.01428495764
6.555231346394331	136738.70259384264
6.5860775323051275	143843.65235864816
6.616923718215923	117444.2268859869
6.6477699041267195	112619.74725209747
6.678616090037516	108129.32434016044
6.709462275948312	103028.3126520267
6.740308461859108	131336.58200239553
6.7711546477699045	119502.15791623789
6.8020008336807	121635.44068212347
6.8328470195914965	121957.25059113986
6.863693205502293	118707.3205171807
6.894539391413089	116186.72603603142
6.925385577323885	127777.00188379824
6.9562317632346815	97004.73604238329
6.987077949145477	148728.0463125936
7.0179241350562735	131065.88586128886
7.048770320967069	97460.5364704561
7.079616506877866	118030.04658115903
7.110462692788662	110983.41678333032
7.1413088786994585	122998.48508425847
7.172155064610254	132340.2709294876
7.203001250521051	138086.21030625125
7.233847436431846	132158.63687054155
7.264693622342643	155196.92862978013
7.295539808253439	128896.68023677962
7.3263859941642355	134633.95696420016
7.357232180075031	112650.89373039686
7.388078365985828	147829.07927414132
7.418924551896623	153615.94824378475
7.44977073780742	114364.85778763038
7.480616923718216	123360.33938890375
7.5114631096290125	128008.96965808958
7.542309295539808	103392.45895596422
7.573155481450605	89820.43361275975
7.6040016673614	177029.56203115045
7.634847853272197	106413.11165026063
7.665694039182993	160087.06388532277
7.6965402250937895	123084.42627372284
7.727386411004585	147877.11715640547
7.758232596915382	135539.9317778798
7.789078782826177	122714.06270613176
7.819924968736974	132004.18845733014
7.85077115464777	108339.74045433901
7.8816173405585666	112401.14836579772
7.912463526469362	87069.03549045062
7.943309712380159	167523.46920387656
7.974155898290954	141961.33215749927
8.00500208420175	165059.2526283149
8.035848270112547	129644.58592189042
8.066694456023344	136751.15804796672
8.097540641934138	176094.51488465493
8.128386827844935	164998.52143993918
8.159233013755731	123221.26305432245
8.190079199666528	94994.05671171064
8.220925385577324	112247.84895452553
8.25177157148812	85866.8987899865
8.282617757398917	143084.75314867863
8.313463943309713	120290.32499739666
8.344310129220508	123940.42268113256
8.375156315131305	112969.7409891443
8.406002501042101	167771.14593307202
8.436848686952898	101038.32242013764
8.467694872863692	115040.35725397734
8.498541058774489	127022.44064897626
8.529387244685285	143074.90400952732
8.560233430596082	149741.94066041216
8.591079616506878	114604.28282909651
8.621925802417675	118355.03076748738
8.652771988328471	126192.60016430917
8.683618174239268	86825.37606472343
8.714464360150062	105768.69844900096
8.745310546060859	123107.37132733289
8.776156731971655	118553.38025417228
8.807002917882452	96327.05186185401
8.837849103793246	89555.93206619966
8.868695289704043	103561.75990965743
8.89954147561484	85616.76217562376
8.930387661525636	108115.7271128064
8.961233847436432	128178.54785602487
8.992080033347229	117022.66156182246
9.022926219258025	106758.87848431927
9.05377240516882	102468.0825434314
9.084618591079616	148585.58257080984
9.115464776990413	94110.62358082319
9.14631096290121	117495.47439322936
9.177157148812006	109083.13064699882
9.2080033347228	85149.08596507636
9.238849520633597	174319.62216662816
9.269695706544393	135252.85587059206
9.30054189245519	138812.03960161403
9.331388078365986	115488.51878052538
9.362234264276783	82971.2265352189
9.393080450187579	127302.85806534122
9.423926636098374	152769.4506415575
9.45477282200917	133536.89583188447
9.485619007919967	134155.19851064705
9.516465193830763	119471.98927692408
9.54731137974156	155043.44998991632
9.578157565652354	122936.74106808056
9.60900375156315	95315.3594456708
9.639849937473947	163764.6944908197
9.670696123384744	159988.22355810343
9.70154230929554	178844.49524111993
9.732388495206337	203373.86113553483
9.763234681117133	159606.7638266154
9.794080867027928	205691.43789617944
9.824927052938724	200749.8298803195
9.85577323884952	173823.94139568327
9.886619424760317	180064.4136483436
9.917465610671114	203654.75321077672
9.948311796581908	196285.5408242225
9.979157982492705	219391.93371118946
10.010004168403501	234213.18100096728
10.040850354314298	204251.07370413863
10.071696540225094	237585.83806087964
10.10254272613589	271958.55683217867
10.133388912046687	243402.87668228406
10.164235097957484	301256.91433418525
10.195081283868278	232023.18204956627
10.225927469779075	285344.85212207964
10.256773655689871	272499.0749493441
10.287619841600666	275780.1628616137
10.318466027511462	313871.36143225164
10.349312213422259	305426.3791363341
10.380158399333055	308954.73818364786
10.411004585243852	290559.14163552807
10.441850771154648	282086.1757051034
10.472696957065445	299705.97477345704
10.503543142976241	328440.73793798254
10.534389328887038	344534.8314598991
10.565235514797832	314120.14865766105
10.596081700708629	317493.32209289283
10.626927886619425	336401.82143506355
10.65777407253022	301082.0901148827
10.688620258441016	312439.89166499913
10.719466444351813	300597.15644616
10.75031263026261	279481.6691139288
10.781158816173406	291898.06143016944
10.812005002084202	311347.02882580063
10.842851187994999	290757.79508962546
10.873697373905795	291022.2275740258
10.904543559816592	319678.6999478099
10.935389745727386	278852.5681503153
10.966235931638183	267449.04070529673
10.99708211754898	267838.7718116909
11.027928303459774	286215.1813949177
11.05877448937057	270298.38083236694
11.089620675281367	231691.97365473426
11.120466861192163	238860.8044078968
11.15131304710296	244720.05783408915
11.182159233013756	183521.78564827025
11.213005418924553	235998.44329858123
11.24385160483535	199043.12159382371
11.274697790746146	156374.73498642785
11.30554397665694	189711.43361263254
11.336390162567737	122504.55177917036
11.367236348478533	157456.77857805477
11.398082534389328	166520.06879127532
11.428928720300124	182492.045447217
11.45977490621092	162765.80747522693
11.490621092121717	169992.75620033967
11.521467278032514	160252.69984307085
11.55231346394331	157470.35635313508
11.583159649854107	121578.85490002393
11.614005835764903	80050.88609559745
11.6448520216757	139283.89909304705
11.675698207586494	98213.47915217216
11.70654439349729	108359.43998583482
11.737390579408087	127929.26841371227
11.768236765318882	104607.35883178
11.799082951229678	147243.12259231872
11.829929137140475	106604.79646188131
11.860775323051271	95229.12869626534
11.891621508962068	88612.27934504312
11.922467694872864	99910.32769647294
11.95331388078366	109378.19169342412
11.984160066694457	71290.57401889475
12.015006252605252	114914.37640571312
12.045852438516048	98190.08971641056
12.076698624426845	116671.07215835675
12.10754481033764	99285.26509228004
12.138390996248436	61839.88628272599
12.169237182159232	78951.30601975787
12.200083368070029	92485.78763461468
12.230929553980825	40133.13817790797
12.261775739891622	82044.37491826319
12.292621925802418	118095.89907896314
12.323468111713215	53966.34247937988
12.354314297624011	81293.61161522554
12.385160483534806	115891.58240867773
12.416006669445602	88849.56521041632
12.446852855356399	53890.909998430725
12.477699041267194	105492.67916597638
12.50854522717799	87918.03369995355
12.539391413088786	70870.63440083161
12.570237598999583	92152.90046401437
12.60108378491038	65788.27579244177
12.631929970821176	69029.9270720951
12.662776156731972	63799.7624306994
12.693622342642769	81288.90794234828
12.724468528553565	84708.40342770806
12.75531471446436	93012.62733319185
12.786160900375156	43654.0298253455
12.817007086285953	55875.80377062285
12.847853272196748	89979.01438363033
12.878699458107544	69177.02133591623
12.90954564401834	98932.80977468721
12.940391829929137	50460.57655805901
12.971238015839933	66478.1915531329
13.00208420175073	89610.60821956125
13.032930387661526	102809.38627753202
13.063776573572323	58483.564089603766
13.09462275948312	66224.12569704094
13.125468945393914	125654.18930721506
13.15631513130471	98182.908540205
13.187161317215507	91780.45470496362
13.218007503126302	120493.2492508977
13.248853689037098	67075.38721057186
13.279699874947895	65287.952924108606
13.310546060858691	98972.13110815466
13.341392246769487	82668.58037409015
13.372238432680284	29341.483130047476
13.40308461859108	65979.69207248242
13.433930804501877	74859.0702117513
13.464776990412673	100380.18935998934
13.495623176323468	73793.40029334679
13.526469362234264	102565.06990333379
13.557315548145061	54680.38193940854
13.588161734055856	25531.427243341925
13.619007919966652	67263.6255271667
13.649854105877449	33304.745187720306
13.680700291788245	59394.694212116076
13.711546477699041	70139.65998327633
13.742392663609838	73352.4477549931
13.773238849520634	50462.65110054902
13.80408503543143	31812.598508871866
13.834931221342227	53555.70074458856
13.865777407253022	69583.93052084428
13.896623593163818	68000.21086627121
13.927469779074615	46718.64976645725
13.95831596498541	66236.19256469049
13.989162150896206	78632.02550551808
14.020008336807003	64907.96234189034
14.050854522717799	60185.955136574376
14.081700708628595	64577.80165590096
14.112546894539392	62082.07538892647
14.143393080450188	79561.52621311789
14.174239266360983	39452.7873066775
14.20508545227178	57262.381621526394
14.235931638182576	68636.46533463323
14.266777824093372	55673.818184031916
14.297624010004169	43820.93184632604
14.328470195914965	76389.08461011246
14.35931638182576	62630.27724677253
14.390162567736557	69174.03044794004
14.421008753647353	64716.1408122322
14.45185493955815	69208.9022260668
14.482701125468946	74144.95409463934
14.513547311379742	60139.749032488355
14.544393497290537	80052.26355090983
14.575239683201334	17925.589837993968
14.60608586911213	55141.62653010241
14.636932055022926	79680.50654998506
14.667778240933723	12195.543296949429
14.69862442684452	72475.80977176252
14.729470612755314	65835.09499191881
14.76031679866611	58743.035594760215
14.791162984576907	45903.38534828123
14.822009170487703	52568.189956651506
14.8528553563985	21536.7946130268
14.883701542309296	35883.84960189015
14.914547728220091	30207.218660178918
14.945393914130888	74975.43445496509
14.976240100041684	18401.922872521864
15.00708628595248	54604.92150559826
15.037932471863277	77516.42558689373
15.068778657774073	55886.43436337138
15.099624843684868	29172.93838606817
15.130471029595665	43535.64806947084
15.161317215506461	63704.03321545679
15.192163401417258	24128.270882063436
15.223009587328054	32216.83387580205
15.25385577323885	55345.0188290094
15.284701959149645	41992.70715959743
15.315548145060442	11830.335284088898
15.346394330971238	62840.90774818877
15.377240516882035	21904.554302587054
15.408086702792831	40229.908674012506
15.438932888703627	55945.62371679695
15.469779074614422	46155.694942931754
15.500625260525219	63050.500606554604
15.531471446436015	22884.917672621632
15.562317632346812	55442.62603915856
15.593163818257608	37442.94249326269
15.624010004168404	27249.63424256909
15.6548561900792	29392.084231486755
15.685702375989996	56500.31232280564
15.716548561900792	55712.169850353566
15.747394747811589	24869.346749574845
15.778240933722385	18888.410133077683
15.809087119633181	23928.018349879174
15.839933305543976	49965.95452365929
15.870779491454773	39827.514389016746
15.901625677365569	42552.911250723504
15.932471863276366	26818.51870907597
15.963318049187162	37579.41106077627
15.994164235097958	33068.8985859353
16.02501042100875	48726.261217012594
16.055856606919548	19180.436262519208
16.086702792830344	7571.457552318636
16.11754897874114	64058.02671091555
16.148395164651937	71123.55113768362
16.179241350562734	2090.9036744759505
16.21008753647353	60577.00664388374
16.240933722384327	2272.4242212696627
16.271779908295123	38177.56032158885
16.30262609420592	3070.4070998504285
16.333472280116716	31075.18035010152
16.364318466027512	31258.30157674848
16.39516465193831	15456.03537894077
16.426010837849105	-11039.21885136529
16.456857023759902	83872.99699360988
16.4877032096707	22405.839437673858
16.518549395581495	16579.72102206667
16.54939558149229	5958.806253112467
16.580241767403084	39621.00304087025
16.61108795331388	60261.30503159076
16.641934139224677	8079.130763917081
16.672780325135474	34620.005680057024
16.70362651104627	22787.10518144029
16.734472696957067	184.4978858558643
16.76531888286786	37247.40932703065
16.796165068778656	41632.66387675519
16.827011254689452	20029.61961834947
16.85785744060025	-6028.4985824955
16.888703626511045	40931.946786353175
16.91954981242184	30016.098883843548
16.950395998332638	22573.92420754354
16.981242184243435	47544.350384309684
17.01208837015423	21248.388566684724
17.042934556065028	3927.0620536355927
17.073780741975824	-12551.530397088292
17.10462692788662	64642.021902575536
17.135473113797417	4890.5515543097845
17.166319299708213	-17262.836480721275
17.19716548561901	24453.960554762045
17.228011671529806	29919.620856100228
17.258857857440603	28001.065636523756
17.2897040433514	4833.863478055888
17.320550229262192	16619.920705138305
17.35139641517299	26247.5933643656
17.382242601083785	39175.772265083855
17.41308878699458	24692.427905672615
17.443934972905378	24435.531816571285
17.474781158816175	5569.840565806053
17.505627344726967	35231.47654490066
17.536473530637764	1704.4731375301253
17.56731971654856	33749.54545375809
17.598165902459357	53044.0277176614
17.629012088370153	-29775.53373860538
17.65985827428095	12409.97103184101
17.690704460191746	4319.138316904476
17.721550646102543	-10664.364333122496
17.75239683201334	-27048.834820341166
17.783243017924136	570.2762556487396
17.814089203834932	-988.4689472578539
17.84493538974573	-19829.508561645474
17.875781575656525	171.0399605324692
17.90662776156732	12526.61845617894
17.937473947478118	10388.50410546262
17.968320133388914	3256.742151164266
17.99916631929971	26782.18881654478
18.030012505210504	-121.15923347016542
18.0608586911213	9153.798563033359
18.091704877032097	872.7471811949108
18.122551062942893	-4794.648900717967
18.15339724885369	-7526.471868804469
18.184243434764486	-11469.570126654282
18.21508962067528	-24433.365630368826
18.245935806586076	-25660.621584437908
18.276781992496872	-14712.380284813089
18.30762817840767	-14142.074300432436
18.338474364318465	57435.91366470627
18.36932055022926	1297.7121643078992
18.400166736140058	9546.701258293282
18.431012922050854	-504.5777968742441
18.46185910796165	4265.289025583906
18.492705293872447	9246.67246802446
18.523551479783244	-17242.353426013753
18.55439766569404	40897.34461331524
18.585243851604837	-32404.161465745234
18.616090037515633	-18547.627064280117
18.64693622342643	-6693.699648032176
18.677782409337226	-28875.07736614055
18.708628595248022	-43238.26677517282
18.73947478115882	-28116.816104547113
18.770320967069612	-23139.04155217962
18.80116715298041	-8699.805891349584
18.832013338891205	16094.958373935628
18.862859524802	-2071.207521794264
18.893705710712798	-2529.351332435962
18.924551896623594	-4780.544485889522
18.955398082534387	-12528.981274821625
18.986244268445184	12469.651747415963
19.01709045435598	-28082.263354990246
19.047936640266776	-26577.307190011517
19.078782826177573	37598.6082768444
19.10962901208837	-11866.662274045966
19.140475197999166	-37672.14669295833
19.171321383909962	2756.3269944535646
19.20216756982076	1672.1470046247932
19.233013755731555	-918.5384280755952
19.26385994164235	3681.274227201364
19.294706127553148	26938.6959226946
19.325552313463945	33156.42938710771
19.35639849937474	79409.51480421341
19.387244685285538	102970.8262811111
19.418090871196334	157952.62924521198
19.44893705710713	182849.78463938882
19.479783243017927	251786.22813379017
19.51062942892872	347739.4493901983
19.541475614839516	396468.9458416578
19.572321800750313	448314.7997311332
19.60316798666111	585433.9805154171
19.634014172571906	666604.5077511247
19.664860358482702	770989.23607661
19.695706544393495	930435.5609960795
19.72655273030429	1016724.6766168101
19.757398916215088	1050748.8841158308
19.788245102125885	1164764.9885199375
19.81909128803668	1204079.2978431273
19.849937473947477	1215615.5744729955
19.880783659858274	1169711.892399451
19.91162984576907	1191714.8358603078
19.942476031679867	1134062.077379959
19.973322217590663	1051526.3028146278
20.00416840350146	1005472.842078742
20.035014589412256	832684.9731723306
20.065860775323053	795555.0997196893
20.09670696123385	698511.1451804428
20.127553147144646	583517.0195331738
20.158399333055442	458840.0084692493
20.18924551896624	342596.02459400083
20.220091704877035	294161.80584150116
20.250937890787828	235609.8360535586
20.281784076698624	157923.1801032932
20.31263026260942	144738.49578635895
20.343476448520217	64811.9773055419
20.374322634431014	55436.894878556275
20.40516882034181	18552.664572916052
20.436015006252603	3904.6056966890956
20.4668611921634	20821.189706883455
20.497707378074196	3025.193159146147
20.528553563984993	-37899.392992393674
20.55939974989579	10217.203109772228
20.590245935806585	-24852.069079020577
20.621092121717382	-46834.33828063611
20.65193830762818	-15529.297373200608
20.682784493538975	-855.2868556205431
20.71363067944977	-35137.21544019111
20.744476865360568	-24079.785611949046
20.775323051271364	-46505.19602731068
20.80616923718216	-43920.94032854403
20.837015423092957	-74354.58239554724
20.867861609003754	-27797.185288508605
20.89870779491455	-28576.929301363445
20.929553980825347	-39302.583831989345
20.960400166736143	-48952.08556002914
20.991246352646936	-25163.660189003218
21.022092538557732	-60383.69719361847
21.05293872446853	-52629.350202075555
21.083784910379325	-51757.48632677912
21.114631096290122	-40971.185338123105
21.14547728220092	-50254.12797638363
21.17632346811171	-16882.859863160546
21.207169654022508	-32371.887555095185
21.238015839933304	-41342.80752427142
21.2688620258441	-27705.7115879521
21.299708211754897	-57971.33364482381
21.330554397665694	-24141.19557034439
21.36140058357649	-31295.36724211314
21.392246769487286	-48454.73185137238
21.423092955398083	-52945.426585418485
21.45393914130888	-34465.03655190344
21.484785327219676	-74624.687253215
21.515631513130472	-27957.4927200768
21.54647769904127	-42543.245586699944
21.577323884952065	-64403.38594647505
21.60817007086286	-31827.792563259514
21.639016256773658	-90219.62989521008
21.669862442684455	-49910.94526104102
21.70070862859525	-30469.01329550819
21.731554814506044	-66153.78956229222
21.76240100041684	-76484.12523665902
21.793247186327637	-21953.64043514013
21.824093372238433	-44312.64945152441
21.85493955814923	-56545.16474628949
21.885785744060023	-71573.62263968724
21.91663192997082	-34021.32637581197
21.947478115881616	-28695.58163155857
21.978324301792412	-33935.12739123058
22.00917048770321	-63802.720542029914
22.040016673614005	-34017.657490889615
22.0708628595248	-51310.18515159054
22.101709045435598	-65345.83153515567
22.132555231346394	-68687.34683142313
22.16340141725719	-75307.77514261153
22.194247603167987	-33332.546225796206
22.225093789078784	-36661.10907320242
22.25593997498958	-49230.34957697711
22.286786160900377	-49041.133464125254
22.317632346811173	-61305.300644875504
22.348478532721966	-90407.44383239438
22.379324718632763	-47051.81208802105
22.41017090454356	-62358.092667130695
22.441017090454356	-45387.26470461546
22.471863276365152	-47522.037214462136
22.50270946227595	-65557.01525122077
22.533555648186745	-44070.87124341339
22.56440183409754	-68749.50657905231
22.595248020008338	-59069.990181868576
22.626094205919134	-50902.81187911464
22.65694039182993	-73010.94766892897
22.687786577740727	-57815.83547723595
22.71863276365152	-29164.659560477176
22.749478949562317	-37726.45031116092
22.780325135473113	-51290.758706588545
22.81117132138391	-93956.10203612453
22.842017507294706	-87622.82666566026
22.872863693205502	-71302.72007087588
22.9037098791163	-14060.0210974371
22.934556065027095	-61741.83315328193
22.965402250937892	-33510.65729279824
22.99624843684869	-70321.81108912286
23.027094622759485	-62218.50788569817
23.05794080867028	-50217.11378392974
23.088786994581074	-38563.02452824288
23.11963318049187	-70020.74771688321
23.150479366402667	-87278.63395393477
23.181325552313464	-51983.920880575984
23.21217173822426	-46375.773849565914
23.243017924135057	-51059.395774037854
23.273864110045853	-56422.45734258127
23.30471029595665	-61533.83066315561
23.335556481867446	-42903.459598944275
23.366402667778242	-94471.65002400578
23.39724885368904	-41135.36821924217
23.428095039599835	-82025.5763469308
23.458941225510628	-64562.79487437017
23.489787411421425	-54533.6520643838
23.52063359733222	-109628.81819960364
23.551479783243018	-64505.04599626321
23.582325969153814	-79769.43667636925
23.61317215506461	-62167.69903007981
23.644018340975407	-60631.143233427996
23.674864526886203	-55547.51390379792
23.705710712797	-64640.94171014894
23.736556898707796	-51645.06782636598
23.767403084618593	-87577.39330422929
23.79824927052939	-60618.57444201709
23.829095456440182	-61312.94180969755
23.85994164235098	-55974.24033169377
23.890787828261775	-89718.19111929271
23.92163401417257	-70479.02032584605
23.952480200083368	-53043.850510325065
23.983326385994165	-123086.90151537085
24.01417257190496	-69992.63401141902
24.045018757815757	-37576.208559723724
24.075864943726554	-65199.99572464684
24.10671112963735	-64679.368085356946
24.137557315548147	-59067.190410864016
24.168403501458943	-69189.82799408985
24.199249687369736	-106424.95891917731
24.230095873280533	-61327.16230502648
24.26094205919133	-68735.99346471878
24.291788245102126	-99977.904491203
24.322634431012922	-72271.56507210058
24.35348061692372	-67755.6863782146
24.384326802834515	-93715.62201272915
24.41517298874531	-55950.78129425408
24.446019174656108	-108498.90220568547
24.476865360566904	-88214.0873497517
24.5077115464777	-68055.56272180655
24.538557732388497	-67500.07129418994
24.56940391829929	-90308.07829838365
24.600250104210087	-21548.719729021315
24.631096290120883	-89460.69898046306
24.66194247603168	-75448.09122027743
24.692788661942476	-55754.81795109906
24.723634847853273	-88530.66984181995
24.75448103376407	-62445.635600480055
24.785327219674866	-82525.03325178819
24.816173405585662	-91493.81479181888
24.84701959149646	-49377.68053932901
24.877865777407255	-88001.00329388899
24.90871196331805	-46757.83179564469
24.939558149228844	-115390.65600105489
24.97040433513964	-57310.25345982735
25.001250521050437	-73837.07217098666
25.032096706961234	-79114.07279200052
25.06294289287203	-88744.95487046977
25.093789078782827	-51131.06229362308
25.124635264693623	-96030.12044526255
25.15548145060442	-113388.26230958637
25.186327636515216	-81485.14426995766
25.217173822426012	-115757.94661715881
25.24802000833681	-100379.27371948646
25.278866194247605	-54707.34091795843
25.3097123801584	-90802.12016079386
25.340558566069195	-96031.31295153093
25.37140475197999	-81500.40871447879
25.402250937890788	-72852.2598404997
25.433097123801584	-118536.93665914124
25.46394330971238	-110143.39408821764
25.494789495623177	-131869.05705465775
25.525635681533974	-70503.86971740553
25.55648186744477	-71572.12803933372
25.587328053355566	-123734.55278491943
25.618174239266363	-101511.58707497473
25.64902042517716	-104239.23209671414
25.679866611087952	-105721.67880660994
25.71071279699875	-106273.52602273514
25.741558982909545	-77464.86826116865
25.77240516882034	-88848.46010304203
25.803251354731138	-101885.73910012886
25.834097540641935	-96563.9139588617
25.86494372655273	-86612.05455983224
25.895789912463528	-92136.19820737198
25.926636098374324	-122931.06930391307
25.95748228428512	-91412.15460245695
25.988328470195917	-102727.34983666448
26.01917465610671	-83398.69674729249
26.050020842017506	-110487.62542958309
26.080867027928303	-127928.03532329344
26.1117132138391	-106141.61972351625
26.142559399749896	-99042.02725845749
26.173405585660692	-99985.48143675347
26.20425177157149	-91880.72380398969
26.235097957482285	-95230.69014824141
26.26594414339308	-113870.28557366352
26.296790329303878	-111501.49703271606
26.327636515214675	-82769.95964610435
26.35848270112547	-76383.67021779667
26.389328887036264	-97414.90143896575
26.42017507294706	-74436.56923834345
26.451021258857857	-80422.61785216047
26.481867444768653	-77725.79404112855
26.51271363067945	-86599.75047341058
26.543559816590246	-82540.30364054246
26.574406002501043	-56460.02541062232
26.60525218841184	-97867.70197710433
26.636098374322636	-75766.64003236726
26.666944560233432	-74050.2453865295
26.69779074614423	-70139.15384532255
26.728636932055025	-92876.38519706261
26.759483117965818	-78936.37786752956
26.790329303876614	-128040.37087182088
26.82117548978741	-88828.40989888244
26.852021675698207	-79269.8070066922
26.882867861609004	-91277.48263475207
26.9137140475198	-43440.87596341613
26.944560233430597	-104048.95982638025
26.975406419341393	-103937.09797464467
27.00625260525219	-106366.61863342239
27.037098791162986	-59102.03674046746
27.067944977073783	-84040.21529964317
27.09879116298458	-116170.63861022553
27.129637348895372	-131266.6389827327
27.16048353480617	-131366.6279966889
27.191329720716965	-104654.27005001249
27.22217590662776	-98599.34605421263
27.253022092538558	-111338.4136062668
27.283868278449354	-107445.44806949238
27.31471446436015	-112767.68518044079
27.345560650270947	-122614.56280834199
27.376406836181744	-96226.87413922815
27.40725302209254	-126311.47862595701
27.438099208003337	-76368.11485467677
27.468945393914133	-117383.943447039
27.499791579824926	-92776.55171320001
27.530637765735722	-165202.3332518018
27.56148395164652	-116414.67055240115
27.592330137557315	-79682.2721271882
27.623176323468112	-127007.80212812293
27.65402250937891	-91597.11535575213
27.684868695289705	-137436.34325376168
27.7157148812005	-126576.34307999052
27.746561067111298	-127921.2778936284
27.777407253022094	-91560.98667571058
27.80825343893289	-116236.38120121192
27.839099624843687	-111784.45969529908
27.86994581075448	-100276.56686854256
27.900791996665276	-96214.94313338476
27.931638182576073	-126741.9877856359
27.96248436848687	-113829.69895869821
27.993330554397666	-90131.28570934868
28.024176740308462	-136742.60355152376
28.05502292621926	-120562.37711217692
28.085869112130055	-100658.47598250103
28.11671529804085	-136086.01967899344
28.147561483951648	-85502.64672324319
28.178407669862445	-92094.50128775425
28.20925385577324	-112663.20703083347
28.240100041684034	-84224.4148897524
28.27094622759483	-88160.86229847847
28.301792413505627	-40677.89345217056
28.332638599416423	-54899.45158420908
28.36348478532722	-37151.374385246556
28.394330971238016	-62954.00632059096
28.425177157148813	-52968.27254417287
28.45602334305961	29931.495456590754
28.486869528970406	13025.384727938854
28.517715714881202	15704.07626243883
28.548561900792	62838.38578455504
28.579408086702795	100357.80882922246
28.610254272613588	151433.48981712904
28.641100458524384	169175.47818217432
28.67194664443518	180838.6450622453
28.702792830345977	239464.09752263007
28.733639016256774	273934.2831654208
28.76448520216757	285860.3650000079
28.795331388078367	383158.28164541884
28.826177573989163	405771.3352478137
28.85702375989996	448103.4642972065
28.887869945810756	451424.1477354001
28.918716131721553	519346.19464972196
28.94956231763235	567767.5212980709
28.980408503543142	600339.5245688421
29.01125468945394	567707.2799125203
29.042100875364735	657006.3479703168
29.07294706127553	613639.8011374448
29.103793247186328	621902.7549135777
29.134639433097124	654711.162488502
29.16548561900792	613933.9179124965
29.196331804918717	632226.1769769606
29.227177990829514	647856.6977029933
29.25802417674031	527356.4961957373
29.288870362651107	516260.19351592753
29.319716548561903	498388.22318115586
29.350562734472696	473240.8262018324
29.381408920383493	430731.1107349851
29.41225510629429	399289.3190883103
29.443101292205085	347045.6726336807
29.473947478115882	312820.1685436644
29.50479366402668	263663.01120312914
29.535639849937475	208681.17252397127
29.56648603584827	183754.53193012247
29.597332221759068	155050.02904007697
29.628178407669864	145426.31737930706
29.65902459358066	52255.12939568842
29.689870779491457	19989.67836838377
29.72071696540225	46152.02376332495
29.751563151313047	-11445.933563312921
29.782409337223843	1416.5197242166178
29.81325552313464	-13695.83174011124
29.844101709045436	-76008.7274542934
29.874947894956232	-43242.46106146397
29.90579408086703	-85463.32501431368
29.936640266777825	-99478.6239384769
29.96748645268862	-108213.41563105716
29.99833263859942	-83328.94894633442
30.029178824510215	-136913.7572261234
30.060025010421008	-123316.44946854441
30.090871196331804	-90137.7427452441
30.1217173822426	-130272.84284524206
30.152563568153397	-161618.70029246376
30.183409754064193	-128113.47624551567
30.21425593997499	-119760.9760176948
30.245102125885786	-152628.75385619685
30.275948311796583	-115975.67476683276
30.30679449770738	-153080.00400737423
30.337640683618176	-100376.02614345776
30.368486869528972	-127339.57991984412
30.39933305543977	-139654.78994872657
30.43017924135056	-124881.72843879924
30.461025427261358	-130498.91473043819
30.491871613172155	-161556.66803300768
30.52271779908295	-123266.18826660488
30.553563984993747	-93012.1601296586
30.584410170904544	-125683.82345866146
30.61525635681534	-103658.00423656648
30.646102542726137	-111529.35043251299
30.676948728636933	-102967.89886402471
30.70779491454773	-120009.6262525701
30.738641100458526	-129161.99674573605
30.769487286369323	-131554.11535397512
30.800333472280116	-96503.3935367362
30.831179658190912	-92913.5503829635
30.86202584410171	-111941.13935275606
30.892872030012505	-133804.36518908717
30.9237182159233	-175515.0628239187
30.954564401834098	-135346.14331867572
30.985410587744894	-152018.6739585743
31.01625677365569	-147034.8635223142
31.047102959566487	-132625.47347451773
31.077949145477284	-116804.02314297768
31.10879533138808	-132340.88583730775
31.139641517298877	-135775.54992356495
31.17048770320967	-159341.58058229764
31.201333889120466	-112827.4201120687
31.232180075031263	-169470.2954112935
31.26302626094206	-136657.98653682522
31.293872446852856	-89965.05922200903
31.324718632763652	-135066.2035048593
31.35556481867445	-141167.32948405767
31.386411004585245	-127711.55499946613
31.41725719049604	-138951.65765223055
31.448103376406838	-151748.17101447086
31.478949562317634	-118728.55272979224
31.50979574822843	-131762.98620911635
31.540641934139224	-107593.09030709445
31.57148812005002	-142923.66481982288
31.602334305960817	-141124.30073002528
31.633180491871613	-150126.82240277567
31.66402667778241	-161606.20418620924
31.694872863693206	-128071.57396191267
31.725719049604002	-116493.9260729652
31.7565652355148	-155539.45274981527
31.787411421425595	-117231.53737897931
31.818257607336392	-157422.6442467596
31.84910379324719	-108526.63645300282
31.879949979157985	-141529.94063324528
31.910796165068778	-155998.85241356175
31.941642350979574	-141123.46738795144
31.97248853689037	-127333.74316358955
32.00333472280117	-160288.83312806557
32.03418090871196	-82154.74562015617
32.065027094622764	-123677.02377202218
32.09587328053355	-129517.98714177849
32.12671946644436	-135369.4395432298
32.157565652355146	-121365.66736935495
32.18841183826595	-121283.18792295794
32.21925802417674	-173516.56751735357
32.25010421008754	-139718.1401095562
32.28095039599833	-140878.7413655683
32.31179658190913	-154050.5296130524
32.342642767819925	-165592.03992205404
32.37348895373072	-140742.99382017547
32.40433513964152	-152360.25696369016
32.435181325552314	-115422.83008760739
32.46602751146311	-130011.71465041017
32.49687369737391	-144153.91595940152
32.5277198832847	-118605.05970854755
32.5585660691955	-120276.11141720772
32.589412255106296	-123690.68689381894
32.62025844101709	-125582.26139138987
32.65110462692789	-109358.576803067
32.68195081283868	-139351.5390717673
32.71279699874948	-121225.39552249404
32.74364318466027	-118222.72925750772
32.774489370571075	-143084.6366170525
32.805335556481865	-162572.56722340256
32.83618174239267	-124319.9296824264
32.86702792830346	-149736.25967881904
32.89787411421426	-132842.64232569715
32.92872030012505	-89964.02288958567
32.959566486035854	-132576.85690681357
32.99041267194664	-128530.69203740996
33.02125885785744	-157623.76126415023
33.052105043768236	-171212.97850041522
33.08295122967903	-165601.2619485812
33.11379741558983	-111961.4300145855
33.144643601500626	-134525.383345383
33.17548978741142	-117254.78263203257
33.20633597332222	-137468.53535061574
33.237182159233015	-159729.01491579716
33.26802834514381	-177985.01133364727
33.29887453105461	-124669.21578916788
33.329720716965404	-154054.87627756005
33.3605669028762	-124647.56872522735
33.39141308878699	-170282.57136934
33.422259274697794	-155377.61751778974
33.45310546060858	-112266.88496901403
33.48395164651939	-126061.13973228887
33.514797832430176	-171808.27801334282
33.54564401834098	-167339.0893362496
33.57649020425177	-134717.67050916274
33.60733639016257	-118447.13342032977
33.63818257607336	-160971.19539912321
33.669028761984165	-128981.6676718455
33.699874947894955	-164386.1173073846
33.73072113380575	-133805.07064669626
33.76156731971655	-154131.12880775926
33.792413505627344	-136041.90111088523
33.82325969153814	-160033.96036066813
33.85410587744894	-113914.56619901877
33.884952063359734	-172109.7063516683
33.91579824927053	-110751.05590660099
33.94664443518133	-129492.90579207645
33.97749062109212	-161273.78533450878
34.00833680700292	-149236.30890497364
34.039182992913716	-147708.67585961331
34.07002917882451	-193158.16811652863
34.1008753647353	-123375.73610234779
34.131721550646105	-141591.85887791024
34.162567736556895	-164530.06193536357
34.1934139224677	-126642.94044049193
34.22426010837849	-140838.90150114248
34.25510629428929	-142239.05969199658
34.28595248020008	-145410.87476569242
34.316798666110884	-132844.39636365403
34.34764485202167	-144921.50924571196
34.37849103793248	-152754.26892124244
34.409337223843266	-187104.3885004513
34.44018340975407	-154933.87994217494
34.47102959566486	-131197.08129316915
34.501875781575656	-146668.37049378533
34.53272196748645	-122525.99978330341
34.56356815339725	-131678.6973771589
34.594414339308045	-158988.8664019692
34.62526052521884	-138942.37287495346
34.65610671112964	-118160.28559493009
34.686952897040435	-126293.52362393333
34.71779908295123	-152587.26240470016
34.74864526886203	-149193.7619836134
34.779491454772824	-132668.5883795247
34.81033764068362	-155661.6073112646
34.84118382659442	-182871.3298254232
34.872030012505206	-154114.28578156314
34.90287619841601	-139354.25323017876
34.9337223843268	-112446.59944854827
34.9645685702376	-168684.20666609972
34.99541475614839	-145712.5763023934
35.026260942059196	-158004.70678925965
35.057107127969985	-136645.33008308662
35.08795331388079	-165429.74590337326
35.11879949979158	-114851.16826847522
35.14964568570238	-105519.70387422589
35.18049187161317	-149684.8977760666
35.21133805752397	-152971.34841514804
35.242184243434764	-132495.15186896728
35.27303042934556	-180845.25998519792
35.30387661525636	-126069.90801150294
35.33472280116715	-152158.6574386628
35.36556898707795	-136812.91671795642
35.396415172988746	-133144.68019655495
35.42726135889954	-117614.09995358321
35.45810754481034	-130555.35943557942
35.488953730721136	-83876.8566814872
35.51979991663193	-143512.3568828564
35.55064610254273	-104722.52503631593
35.58149228845352	-120128.77093065783
35.61233847436432	-154762.9191007316
35.64318466027511	-94802.62738046014
35.674030846185914	-155703.41238199282
35.704877032096704	-91886.11915670653
35.73572321800751	-113286.95538502105
35.7665694039183	-101045.72549585949
35.7974155898291	-132737.1519159537
35.82826177573989	-130281.40654550528
35.85910796165069	-138021.83247076423
35.88995414756148	-83118.9054964894
35.920800333472286	-160045.5561576325
35.951646519383075	-150943.40412504098
35.98249270529387	-169353.6606807201
36.01333889120467	-160798.69775381545
36.044185077115465	-139503.55283914472
36.07503126302626	-144136.66463500293
36.10587744893706	-135014.76026999758
36.136723634847854	-131931.39314975808
36.16756982075865	-139097.9840628519
36.19841600666945	-122557.72408005226
36.229262192580244	-140958.35919079528
36.26010837849104	-132226.805169889
36.29095456440184	-125905.7259669646
36.32180075031263	-175758.31825982963
36.35264693622342	-134278.72328122717
36.383493122134226	-147179.6504726914
36.414339308045015	-123855.43750733335
36.44518549395582	-118053.64476745001
36.47603167986661	-150422.24062630977
36.50687786577741	-84290.59590104461
36.5377240516882	-147961.24722632815
36.568570237599005	-150255.9709887026
36.599416423509794	-131087.64531102986
36.6302626094206	-151713.36258271805
36.66110879533139	-148990.32652348437
36.69195498124218	-118032.15664926538
36.72280116715298	-141298.7925157296
36.753647353063776	-107727.7850295471
36.78449353897457	-147826.64911176005
36.81533972488537	-127285.6078691622
36.846185910796166	-147206.9082013628
36.87703209670696	-144596.52568103845
36.90787828261776	-124638.02514551439
36.938724468528555	-122622.6844460146
36.96957065443935	-158638.67630255988
37.00041684035015	-143527.89818789318
37.031263026260945	-118062.12606019666
37.062109212171734	-171998.2419258246
37.09295539808254	-151239.85572513155
37.12380158399333	-114909.11466225941
37.15464776990413	-127859.19907049631
37.18549395581492	-151259.13506531742
37.21634014172572	-145692.50542349584
37.24718632763651	-90622.79020824973
37.278032513547316	-99002.96062122151
37.308878699458106	-142785.08465173253
37.33972488536891	-145435.74805410707
37.3705710712797	-138538.51422971592
37.4014172571905	-150645.91196367954
37.43226344310129	-158092.31063170865
37.46310962901209	-149397.41323691444
37.493955814922884	-107063.42479956325
37.52480200083368	-147586.20394884745
37.55564818674448	-89555.04449224158
37.586494372655274	-118512.7969040983
37.61734055856607	-67587.3469106518
37.64818674447687	-83706.36288566916
37.67903293038766	-32724.71836680374
37.70987911629846	-67541.96615145329
37.740725302209256	-60527.75662787433
37.771571488120046	-30818.14219823158
37.80241767403085	-7731.619808412168
37.83326385994164	36189.22878176993
37.86411004585244	72019.5839193662
37.89495623176323	98500.80454708386
37.925802417674035	176252.6210948161
37.956648603584824	246458.91313650133
37.98749478949563	304059.2542270689
38.01834097540642	301367.54440013086
38.049187161317214	430793.15516364615
38.08003334722801	482815.00718426594
38.11087953313881	560025.466018522
38.1417257190496	614093.3234544442
38.1725719049604	677270.2406179353
38.203418090871196	767250.3887387419
38.23426427678199	787538.9738047345
38.26511046269279	824241.3219615301
38.295956648603585	904510.0214008318
38.32680283451438	917293.0305595127
38.35764902042518	924480.635962733
38.388495206335975	917850.3749016529
38.41934139224677	911630.3563728398
38.45018757815757	872753.6278797446
38.481033764068364	843510.9916176044
38.51187994997916	801944.7051443293
38.54272613588996	752987.7625712215
38.573572321800754	716962.1353421994
38.60441850771155	632355.50323143
38.63526469362235	562910.2515737277
38.66611087953314	474037.51359830407
38.69695706544393	463856.5552515253
38.72780325135473	385420.45187121007
38.758649437265525	314022.04917865613
38.78949562317632	262916.3513213747
38.82034180908712	196410.0528816597
38.851187994997915	162763.48105407917
38.88203418090871	113887.25910314971
38.91288036681951	82524.13103470425
38.943726552730304	-5542.501736636306
38.9745727386411	-7369.10706206722
39.0054189245519	-18623.570666129315
39.03626511046269	-37438.57947285689
39.06711129637349	-74972.22437273459
39.097957482284286	-77176.81865002158
39.12880366819508	-103701.58830477513
39.15964985410588	-132459.47329881438
39.190496040016676	-100094.72128341526
39.22134222592747	-91413.5895336144
39.25218841183827	-111442.07879829087
39.283034597749065	-155045.32395742886
39.31388078365986	-117356.42131001188
39.34472696957066	-130089.95499525161
39.375573155481455	-116479.93498776463
39.40641934139225	-127986.89975522342
39.43726552730304	-125884.4006326656
39.46811171321384	-99733.71046677566
39.49895789912463	-135417.88325183303
39.52980408503543	-148539.78612106302
39.560650270946226	-116466.68826446685
39.59149645685702	-114679.73316733458
39.62234264276782	-129021.52890944842
39.653188828678616	-118574.20087752605
39.68403501458941	-123622.13017942965
39.71488120050021	-110352.22655230672
39.745727386411005	-117310.30699266073
39.7765735723218	-121499.5924324948
39.8074197582326	-115295.57035313126
39.838265944143394	-107187.3832569147
39.86911213005419	-100974.61924678393
39.89995831596499	-121972.13067715347
39.930804501875784	-112993.11033432417
39.96165068778658	-107366.8052018628
39.99249687369738	-125536.4827294237
40.02334305960817	-90109.05719575
40.05418924551897	-116835.83695194585
40.085035431429766	-106625.4101832586
40.11588161734056	-109902.85104228229
40.14672780325136	-123380.18897841054
40.17757398916215	-112665.92466213118
40.208420175072945	-93478.45474878531
40.23926636098374	-109567.35752896962
40.27011254689454	-121882.80266864772
40.300958732805334	-149672.86550542
40.33180491871613	-141494.36220220148
40.36265110462693	-103155.46804770437
40.393497290537724	-125641.52884006503
40.42434347644852	-163332.25583487086
40.45518966235932	-75917.58195929961
40.48603584827011	-123079.79763984178
40.51688203418091	-99470.14268286152
40.547728220091706	-81936.19644443784
40.5785744060025	-123212.0470045839
40.6094205919133	-108185.41599959508
40.640266777824095	-101263.94371403506
40.67111296373489	-89779.8767626676
40.70195914964569	-80798.97301453745
40.732805335556485	-142587.72606936021
40.76365152146728	-91518.68593173327
40.79449770737808	-117222.48250816668
40.825343893288874	-85116.96461880987
40.85619007919967	-137056.83139738668
40.88703626511047	-125235.62046478708
40.917882451021256	-108438.39520741989
40.94872863693205	-148445.8900232824
40.97957482284285	-145142.29157058807
41.010421008753646	-104420.94248889854
41.04126719466444	-132038.07860073893
41.07211338057524	-146353.24140285281
41.102959566486035	-97090.63410879226
41.13380575239683	-73804.01043949794
41.16465193830763	-125369.92933852086
41.195498124218425	-103832.13761263325
41.22634431012922	-110287.88190335444
41.25719049604002	-105264.22049511016
41.288036681950814	-133340.20498345015
41.31888286786161	-94668.26441113793
41.34972905377241	-130942.68805281058
41.3805752396832	-124048.98892382954
41.411421425594	-110634.6200375187
41.442267611504796	-99771.92335295031
41.47311379741559	-76533.80672530345
41.50395998332639	-74301.18303172819
41.534806169237186	-80029.44757632283
41.56565235514798	-133917.17271518215
41.59649854105878	-132563.59327527302
41.62734472696957	-85722.02778963557
41.658190912880364	-139871.64450766135
41.68903709879116	-110204.38129437849
41.71988328470196	-93363.03537688767
41.750729470612754	-72484.20030087742
41.78157565652355	-88886.84830476218
41.81242184243435	-60427.653290024886
41.84326802834514	-66585.48581812187
41.87411421425594	-94012.77892426646
41.904960400166736	-100780.6546965237
41.93580658607753	-96389.05909725344
41.96665277198833	-86757.88890584763
41.997498957899126	-104049.40232908011
42.02834514380992	-68665.92895406495
42.05919132972072	-69350.56572330746
42.090037515631515	-109644.37344367687
42.12088370154231	-70792.11251878322
42.15172988745311	-102908.96433623394
42.182576073363904	-90440.83979372989
42.2134222592747	-55191.404455069154
42.2442684451855	-53936.227206320444
42.275114631096294	-110155.39923925223
42.30596081700709	-105009.34289515053
42.33680700291789	-120262.59061416151
42.367653188828676	-113864.52528802992
42.39849937473947	-118095.06549236021
42.42934556065027	-107659.43123703421
42.460191746561065	-109831.39061948126
42.49103793247186	-112159.54421541479
42.52188411838266	-60624.66245147076
42.552730304293455	-84558.73293935001
42.58357649020425	-111319.49024902162
42.61442267611505	-79184.12819500463
42.645268862025844	-101520.62451673897
42.67611504793664	-104712.52812846548
42.70696123384744	-119316.25799827439
42.737807419758234	-94450.92948337836
42.76865360566903	-96227.32987441565
42.79949979157983	-135267.57539043346
42.83034597749062	-107253.4463424909
42.86119216340142	-108380.36401178654
42.892038349312216	-109054.86541166616
42.92288453522301	-78360.54800435306
42.95373072113381	-102168.14928303627
42.984576907044605	-102866.04609403138
43.0154230929554	-105070.80281892941
43.0462692788662	-39058.357527437336
43.077115464776995	-102960.17871585037
43.107961650687784	-101410.29161996608
43.13880783659858	-82597.665025539
43.16965402250938	-80121.28992202469
43.20050020842017	-97626.36441202046
43.23134639433097	-102108.42574800804
43.262192580241766	-89190.567515278
43.29303876615256	-104254.91442007375
43.32388495206336	-96911.30622915749
43.354731137974156	-72479.34668891408
43.38557732388495	-101283.28526597397
43.41642350979575	-96131.29768985546
43.447269695706545	-67584.78462888935
43.47811588161734	-104932.33475877001
43.50896206752814	-93325.96341239216
43.539808253438935	-85082.98939720503
43.57065443934973	-102417.02546912896
43.60150062526053	-97401.32655519382
43.632346811171324	-56465.8418122741
43.66319299708212	-65993.2858228281
43.69403918299292	-54131.459874529
43.72488536890371	-99243.099721603
43.75573155481451	-89370.21833121724
43.786577740725306	-56813.53878250286
43.8174239266361	-98527.78777017594
43.84827011254689	-54892.80907162702
43.87911629845769	-37554.711084484145
43.909962484368485	-95617.5608176704
43.94080867027928	-73701.58778204813
43.97165485619008	-72645.86656910683
44.002501042100874	-124771.05698638973
44.03334722801167	-74036.76769171187
44.06419341392247	-79337.68922687674
44.095039599833264	-110940.38439291796
44.12588578574406	-31323.073906586047
44.15673197165486	-98139.27321839487
44.18757815756565	-63080.799786036216
44.21842434347645	-70678.46957106362
44.249270529387246	-84107.63177910459
44.28011671529804	-86648.71753894998
44.31096290120884	-67055.76364859939
44.341809087119636	-121511.09710997724
44.37265527303043	-46346.237806902805
44.40350145894123	-68008.60151765199
44.434347644852025	-84042.42445024941
44.46519383076282	-108528.0147383783
44.49604001667362	-97132.64184835777
44.526886202584414	-77385.83382081155
44.55773238849521	-94285.39335890074
44.588578574406	-72532.27180580595
44.6194247603168	-78646.35159128338
44.65027094622759	-94190.01193821768
44.68111713213839	-55748.58653674247
44.711963318049186	-70100.1416128759
44.74280950395998	-91770.52166278008
44.77365568987078	-64636.278461984075
44.804501875781575	-77854.97745979622
44.83534806169237	-91608.51639432606
44.86619424760317	-64776.94220936764
44.897040433513965	-107743.7456502925
44.92788661942476	-78141.85172226501
44.95873280533556	-77457.6745726758
44.989578991246354	-89808.67629128671
45.02042517715715	-65958.17277601825
45.05127136306795	-54955.01375305459
45.082117548978744	-43382.582320451824
45.11296373488954	-111742.3552032007
45.14380992080034	-49825.1185593148
45.17465610671113	-48336.5158581868
45.20550229262193	-31614.598189648867
45.236348478532726	-61851.15198864366
45.26719466444352	-118945.36934613052
45.29804085035432	-75898.6724693452
45.32888703626511	-64895.51795940703
45.359733222175905	-70748.88946154993
45.3905794080867	-70142.74986303592
45.4214255939975	-91523.42816311991
45.452271779908294	-68453.77760290762
45.48311796581909	-69274.06105341917
45.51396415172989	-34294.61077748438
45.54481033764068	-52088.32433589579
45.57565652355148	-56782.24748309555
45.606502709462276	-107550.36954859062
45.63734889537307	-56365.740973844906
45.66819508128387	-70743.01553315655
45.699041267194666	-26884.607996240036
45.72988745310546	-41175.92048355187
45.76073363901626	-38927.41182899965
45.791579824927055	-95291.72216112679
45.82242601083785	-27541.814403794884
45.85327219674865	-34547.3086529805
45.884118382659445	-58329.55204498557
45.91496456857024	-66498.90291689376
45.94581075448104	-74665.00994563765
45.976656940391834	-79958.5149104103
46.00750312630263	-65435.07842316324
46.03834931221342	-35684.987795226174
46.069195498124216	-61845.97255353345
46.10004168403501	-56351.858328612856
46.13088786994581	-39138.441759232475
46.161734055856606	-52002.82975501696
46.1925802417674	-47571.96639759524
46.2234264276782	-70789.34458101381
46.254272613588995	-68120.97509515623
46.28511879949979	-35442.80604244034
46.31596498541059	-36204.52718732284
46.346811171321384	-78869.12488910377
46.37765735723218	-36173.882795938334
46.40850354314298	-55119.03948311585
46.439349729053774	-28002.67882898838
46.47019591496457	-64585.42624290019
46.50104210087537	-53724.92868828619
46.53188828678616	-76916.152378795
46.56273447269696	-66738.03644089877
46.593580658607756	-20072.180292303867
46.62442684451855	-27273.272794679873
46.65527303042935	-47440.39084324515
46.686119216340145	-28515.051957909815
46.71696540225094	-51204.01085017574
46.74781158816174	-30583.984571502573
46.77865777407253	-46281.87716494491
46.809503959983324	-45021.74732462726
46.84035014589412	-44299.12254420642
46.87119633180492	-60302.35716024287
46.902042517715714	-27610.74161606784
46.93288870362651	-43212.60973240649
46.96373488953731	-59436.887689357376
46.9945810754481	-17597.806931524257
47.0254272613589	27927.389287641716
47.056273447269696	48600.38346804983
47.08711963318049	33973.71273728481
47.11796581909129	66621.10027433571
47.148812005002085	134898.1479114688
47.17965819091288	201910.89472358575
47.21050437682368	264483.9381799177
47.241350562734475	342342.80820948497
47.27219674864527	437473.73279812164
47.30304293455607	535359.7570172271
47.333889120466864	564982.6360861582
47.36473530637766	747222.8193887456
47.39558149228846	846017.7923198891
47.42642767819925	972888.4117008279
47.45727386411005	1074997.2116804197
47.48812005002085	1142271.4195590217
47.518966235931636	1243431.2245018147
47.54981242184243	1321109.3267245155
47.58065860775323	1378574.8160590443
47.611504793664025	1373971.526019001
47.64235097957482	1386916.7519924846
47.67319716548562	1411735.232720017
47.704043351396415	1327502.8105258704
47.73488953730721	1241196.167310908
47.76573572321801	1189945.3016233824
47.796581909128804	1056145.7585304938
47.8274280950396	975888.1994917248
47.8582742809504	843449.5000990714
47.88912046686119	742910.1644617601
47.91996665277199	683319.4553220285
47.950812838682786	544291.7143973337
47.98165902459358	431304.8384512222
48.01250521050438	345933.42314284004
48.043351396415176	271113.1902658522
48.07419758232597	214512.21013501074
48.10504376823677	127660.69055275893
48.135889954147565	135019.52708220747
48.16673614005836	104964.89245732025
48.19758232596916	15726.417192390283
48.228428511879954	12370.255180305583
48.259274697790744	29552.499936674805
48.29012088370154	32268.76698945183
48.32096706961234	-16516.04392749111
48.35181325552313	-21009.40486068177
48.38265944143393	1343.0883645480517
48.413505627344726	-124.59900408539033
48.44435181325552	-25796.18634472741
48.47519799916632	-3619.8185462656547
48.506044185077116	14584.461425345216
48.53689037098791	-17194.96652910692
48.56773655689871	-5012.469251469673
48.598582742809505	-20229.77971728242
48.6294289287203	-26323.362116469754
48.6602751146311	-14387.597597911239
48.691121300541894	-14409.863035809454
48.72196748645269	6891.608174637422
48.75281367236349	-16543.208251285567
48.783659858274284	-23495.156294721608
48.81450604418508	35578.47640824265
48.84535223009588	-43127.56450011613
48.87619841600667	24722.589529137316
48.90704460191747	-19255.233965561314
48.937890787828266	19801.072165289985
48.96873697373906	-37042.646871751764
48.99958315964985	1157.280826805245
49.03042934556065	-25016.29418495616
49.061275531471445	-2644.126693293463
49.09212171738224	-32936.93284420575
49.12296790329304	21134.88092409845
49.153814089203834	8100.469895175991
49.18466027511463	-23818.004093251475
49.21550646102543	-53844.1188922087
49.246352646936224	31746.608159310006
49.27719883284702	-12972.705506207576
49.30804501875782	-23430.77262254378
49.33889120466861	-34085.320549345925
49.36973739057941	8380.414641484691
49.400583576490206	-299.2578551948809
49.431429762401	-39128.05132155367
49.4622759483118	-5246.2489203526375
49.493122134222595	-27250.737477604765
49.52396832013339	-1334.1268863479308
49.55481450604419	-251.80785889178514
49.585660691954985	60.79436483412064
49.61650687786578	-12941.493951350218
49.64735306377658	609.3923511340663
49.678199249687374	-12598.42234392836
49.70904543559816	-19188.626701670095
49.73989162150896	-20728.153779612356
49.770737807419756	-10296.625604693112
49.80158399333055	4650.628628636932
49.83243017924135	814.5050285117002
49.863276365152146	20032.87133152144
49.89412255106294	2316.0772906620027
49.92496873697374	20145.04094489537
49.955814922884535	-8975.641262189512
49.98666110879533	-18200.13614875793
50.01750729470613	13081.099746911817
50.048353480616925	-75.09976177607723
50.07919966652772	10362.093536403321
50.11004585243852	-36281.01408363084
50.140892038349314	-2427.603666877979
50.17173822426011	44013.07959439742
50.20258441017091	30971.657544429057
50.2334305960817	22160.541322158977
50.2642767819925	16155.225167688917
50.295122967903296	18879.457254784094
50.32596915381409	609.8684100079281
50.35681533972489	28439.660042967684
50.387661525635686	-6258.435524932058
50.41850771154648	1378.66804537007
50.44935389745727	19672.796020363152
50.48020008336807	-43215.38764755829
50.511046269278864	13236.918574091964
50.54189245518966	-28239.222063060057
50.57273864110046	18731.53280423818
50.603584827011254	3331.5850976522815
50.63443101292205	-29094.87354370627
50.66527719883285	44245.0235352283
50.69612338474364	12669.17355328938
50.72696957065444	14923.378544993631
50.757815756565236	41655.84505850534
50.78866194247603	-7847.9809440161025
50.81950812838683	-8714.997623592582
50.850354314297626	-5359.357801231037
50.88120050020842	27097.206236295402
50.91204668611922	-26250.190547741026
50.942892872030015	6635.566452289232
50.97373905794081	3333.2960711907836
51.00458524385161	-8991.430771164662
51.035431429762404	34907.450409082725
51.0662776156732	578.4311670964489
51.097123801584	-19253.37197008785
51.127969987494794	21314.442376391475
51.15881617340559	35603.50102409748
51.18966235931638	25246.466072470583
51.220508545227176	14093.968302452355
51.25135473113797	-8505.05078310423
51.28220091704877	-12830.031977015384
51.313047102959565	16213.020183449162
51.34389328887036	43377.46678084797
51.37473947478116	4753.172091755343
51.405585660691955	49205.40316412076
51.43643184660275	16403.368293814703
51.46727803251355	19117.253860182267
51.498124218424344	7847.369086335908
51.52897040433514	19432.44694465813
51.55981659024594	-14758.1916090304
51.590662776156734	19246.39912638798
51.62150896206753	48041.209761280916
51.65235514797833	10437.821262628806
51.68320133388912	15688.642809609377
51.71404751979992	44835.68590190275
51.744893705710716	-4379.746486860302
51.77573989162151	24660.322899859148
51.80658607753231	25235.276851942916
51.837432263443105	28552.15832844677
51.8682784493539	59209.887807618376
51.8991246352647	1946.5098870289548
51.92997082117549	24167.094615094586
51.960817007086284	33507.734788327674
51.99166319299708	52399.36809506515
52.02250937890788	41383.844129646386
52.05335556481867	45423.80408467357
52.08420175072947	44663.53298336401
52.115047936640266	34687.95417074817
52.14589412255106	7955.07423787786
52.17674030846186	52159.55189416195
52.207586494372656	42961.90291989389
52.23843268028345	73550.87813676528
52.26927886619425	42446.53812834669
52.300125052105045	28312.179212808944
52.33097123801584	31632.5792259103
52.36181742392664	19571.752341389692
52.392663609837435	33104.8337477166
52.42350979574823	20158.5395633391
52.45435598165903	4353.500927304907
52.485202167569824	56576.69132984321
52.51604835348062	52998.188142994404
52.54689453939142	17568.913904637553
52.57774072530221	33319.29895215184
52.60858691121301	34669.98052717581
52.639433097123806	-6034.844970770289
52.670279283034596	36802.36419102301
52.70112546894539	86399.97101476014
52.73197165485619	74952.39499186155
52.762817840766985	46055.83534302726
52.79366402667778	61473.409380997604
52.82451021258858	69913.78252701757
52.855356398499374	49158.22943875436
52.88620258441017	23784.256691986957
52.91704877032097	34587.181613917404
52.947894956231764	47882.489160033045
52.97874114214256	8760.680594532787
53.00958732805336	67090.35126961733
53.04043351396415	51555.165360048
53.07127969987495	42501.76725049856
53.102125885785746	36677.85843394602
53.13297207169654	2900.07877627766
53.16381825760734	48707.864002379516
53.194664443518135	39402.087829073746
53.22551062942893	51105.5651809466
53.25635681533973	82686.20159583415
53.287203001250525	43098.67902982618
53.31804918716132	29402.17061281525
53.34889537307212	105768.20880194206
53.379741558982914	59926.10718299918
53.410587744893704	53925.21656459844
53.4414339308045	30478.649897913027
53.4722801167153	54354.98142753358
53.50312630262609	13254.925796185926
53.53397248853689	79631.27317512038
53.564818674447686	45487.10713045948
53.59566486035848	36429.770420163215
53.62651104626928	62915.027333972794
53.657357232180075	79898.18664725183
53.68820341809087	75250.14274825664
53.71904960400167	1147.0921762950238
53.749895789912465	61852.777821134914
53.78074197582326	29859.450354388817
53.81158816173406	76117.59695276676
53.842434347644854	47885.98409743798
53.87328053355565	38091.42229265416
53.90412671946645	37347.82984516492
53.93497290537724	54453.093235527
53.96581909128804	78520.76496789258
53.99666527719884	64091.88688840124
54.02751146310963	51891.81496244109
54.05835764902043	53706.66299595946
54.089203834931226	77171.54713171038
54.120050020842015	33958.14910013873
54.15089620675281	50119.040903164576
54.18174239266361	26321.692117351216
54.212588578574405	103438.82933125293
54.2434347644852	79416.70187517183
54.274280950396	49526.139168501744
54.305127136306794	39428.72519148461
54.33597332221759	62765.61732405474
54.36681950812839	58448.90896532529
54.39766569403918	60158.841568605916
54.42851187994998	89890.93931369403
54.459358065860776	43236.05080914243
54.49020425177157	78111.56281200932
54.52105043768237	97470.37221774203
54.551896623593166	76281.80553949573
54.58274280950396	75358.80929461222
54.61358899541476	79144.68613870644
54.644435181325555	64044.845133865456
54.67528136723635	80694.77232136189
54.70612755314715	60061.30174825319
54.736973739057944	77736.93283478614
54.76781992496874	75068.44704038752
54.79866611087954	80328.3002570404
54.829512296790334	76635.48270800091
54.86035848270112	58153.13914439297
54.89120466861192	71511.10276981187
54.922050854522716	75773.54291949404
54.95289704043351	116817.4607011856
54.98374322634431	79333.76494449926
55.014589412255106	108005.34363733875
55.0454355981659	74312.68173402883
55.0762817840767	60256.741538470415
55.107127969987495	38605.96071088206
55.13797415589829	79839.2431449095
55.16882034180909	88251.10257017368
55.199666527719884	58374.699779067276
55.23051271363068	86589.84498233591
55.26135889954148	61967.0742813183
55.292205085452274	68905.0817619738
55.32305127136307	69223.4932936428
55.35389745727387	47129.69713356969
55.38474364318466	66135.30825344758
55.41558982909546	129134.50136797449
55.446436015006256	51270.52776772364
55.47728220091705	98200.73255438733
55.50812838682785	71492.34788881519
55.538974572738645	77064.33125124143
55.56982075864944	85898.4489419654
55.60066694456023	113185.94839609462
55.63151313047103	62635.59499591598
55.662359316381824	109757.68986354208
55.69320550229262	103572.58412465107
55.72405168820342	82373.63195995566
55.754897874114214	99451.9504322332
55.78574406002501	107407.66999409995
55.81659024593581	94111.61048701403
55.8474364318466	71098.7672850471
55.8782826177574	157221.01433999697
55.909128803668196	100956.54039990119
55.93997498957899	124015.64467347566
55.97082117548979	101676.1602137056
56.001667361400585	108275.65637329475
56.03251354731138	138521.10975489792
56.06335973322218	128556.13047091616
56.094205919132975	125609.445344046
56.12505210504377	136322.71284227943
56.15589829095457	129395.34720187842
56.186744476865364	98335.47238013436
56.21759066277616	127826.66005649326
56.24843684868696	120772.6433180392
56.27928303459775	139766.24164571424
56.31012922050855	98228.1891795964
56.34097540641934	144617.5561822075
56.371821592330136	160795.90985927358
56.40266777824093	170566.6912190775
56.43351396415173	121510.50690713445
56.464360150062525	165896.91163743054
56.49520633597332	184742.9674335564
56.52605252188412	161828.85604122272
56.556898707794915	206926.10899711528
56.58774489370571	169961.25725820928
56.61859107961651	139419.9241880669
56.649437265527304	130178.89126519003
56.6802834514381	174791.93619605643
56.7111296373489	101842.3943380639
56.74197582325969	169040.74308883774
56.77282200917049	157272.42489107934
56.803668195081286	170797.49831704842
56.83451438099208	165902.86734483117
56.86536056690288	178934.10050005667
56.896206752813676	161520.5889784209
56.92705293872447	179901.06006470206
56.95789912463527	181970.8058364652
56.988745310546065	166020.72423069304
57.01959149645686	179605.35886022382
57.05043768236766	147147.4244459229
57.08128386827845	130486.9986547109
57.112130054189244	174585.82006529692
57.14297624010004	176894.15232425302
57.17382242601084	168932.93698938566
57.20466861192163	157180.96663766124
57.23551479783243	194329.39222144528
57.266360983743226	191249.94658610373
57.29720716965402	173960.22272912035
57.32805335556482	175138.95690633613
57.358899541475616	177339.47205142336
57.38974572738641	171766.40481971815
57.42059191329721	93980.07823753892
57.451438099208005	135669.77553984144
57.4822842851188	141140.5051390343
57.5131304710296	155883.37563024173
57.543976656940394	139467.09788174764
57.57482284285119	185921.26735489912
57.60566902876199	165892.53395497557
57.636515214672784	170665.29887936523
57.66736140058358	113906.22568039996
57.69820758649438	165306.79500135855
57.72905377240517	143599.50504125445
57.75989995831597	117459.66178223981
57.79074614422676	138380.78724463392
57.821592330137555	146864.56382625518
57.85243851604835	122797.02537189878
57.88328470195915	123992.19575405744
57.914130887869945	166192.0647468971
57.94497707378074	110727.13371755977
57.97582325969154	108792.27850327284
58.006669445602334	146138.85113922815
58.03751563151313	124569.87396523471
58.06836181742393	131326.4844397498
58.099208003334724	120275.18699414028
58.13005418924552	100275.66573151932
58.16090037515632	94413.46506964705
58.19174656106711	101822.72027721762
58.22259274697791	103680.14894067688
58.253438932888706	122230.46336050732
58.2842851187995	126353.90754213573
58.3151313047103	109721.22405117148
58.345977490621095	138765.59770194587
58.37682367653189	130654.01140741509
58.40766986244269	134842.61367047223
58.438516048353485	107032.96258713579
58.46936223426428	93631.96814379617
58.50020842017508	113249.86538491122
58.53105460608587	92308.46202854642
58.56190079199666	106215.58382979732
58.59274697790746	134900.69854826573
58.623593163818256	74513.45865897884
58.65443934972905	132961.7250325267
58.68528553563985	104886.19363551069
58.716131721550646	100147.22967063406
58.74697790746144	105059.1986336421
58.77782409337224	108687.51297367654
58.808670279283035	135293.61648033294
58.83951646519383	91844.38711136139
58.87036265110463	120048.7171716706
58.901208837015425	128314.2873878979
58.93205502292622	119136.47790784993
58.96290120883702	108362.49919971969
58.993747394747814	116566.17277715354
59.02459358065861	85541.22627606278
59.05543976656941	108127.51142692528
59.0862859524802	147983.6351074975
59.117132138391	107663.61447936534
59.147978324301796	140330.17222447557
59.17882451021259	117397.64376407629
59.20967069612339	130050.72746697758
59.240516882034186	105199.92890997596
59.271363067944975	83069.75780841855
59.30220925385577	112149.4964595122
59.33305543976657	106539.99757181628
59.363901625677364	96612.29103047744
59.39474781158816	124448.91087710303
59.42559399749896	124113.54835301536
59.456440183409754	138230.52942954213
59.48728636932055	124092.12008900168
59.51813255523135	105863.66064211694
59.54897874114214	137053.3206021645
59.57982492705294	145692.27088389517
59.610671112963736	94814.35235487168
59.64151729887453	87361.5197549943
59.67236348478533	117768.7659352526
59.703209670696125	110063.46822932542
59.73405585660692	151684.06969097134
59.76490204251772	120809.76457940658
59.795748228428515	97792.89269770456
59.82659441433931	109071.01811774923
59.85744060025011	111182.10963029184
59.888286786160904	136214.39209467912
59.9191329720717	111291.82541549778
59.9499791579825	130724.02297941587
59.980825343893294	133916.27332199062
60.01167152980408	130269.97681590481
60.04251771571488	144327.604963049
60.073363901625676	129231.2454697072
60.10421008753647	115705.06548852797
60.13505627344727	118577.86873184986
60.165902459358065	116234.05732009404
60.19674864526886	123895.68942434958
60.22759483117966	110390.07016844577
60.258441017090455	120457.06310905403
60.28928720300125	122995.04460687845
60.32013338891205	81024.48412976126
60.350979574822844	100550.3119385122
60.38182576073364	99402.88390112211
60.41267194664444	104194.42950046144
60.44351813255523	135564.81477671434
60.47436431846603	94684.65246663893
60.50521050437683	111116.34130526516
60.53605669028762	143787.85536234442
60.56690287619842	111229.6489762809
60.597749062109216	100726.54110221541
60.62859524802001	145795.71591376915
60.65944143393081	116106.12712101385
60.690287619841605	124136.7666553104
60.7211338057524	120383.0968551302
60.75197999166319	157121.8136568481
60.78282617757399	168948.40577978228
60.813672363484784	130070.0620559831
60.84451854939558	133905.375887928
60.87536473530638	150479.1675725947
60.90621092121717	73152.0977260351
60.93705710712797	107417.30938747589
60.967903293038766	110579.36016590634
60.99874947894956	149176.2197302394
61.02959566486036	108215.8910189627
61.060441850771156	112968.3446733665
61.09128803668195	85649.98308714978
61.12213422259275	121658.49523641243
61.152980408503545	131922.14488161542
61.18382659441434	144348.9229862028
61.21467278032514	150849.69921812817
61.245518966235934	144186.8318788507
61.27636515214673	126748.07879505711
61.30721133805753	152917.19161142985
61.338057523968324	152222.72147632658
61.36890370987912	139016.19048165766
61.39974989578992	134581.298448614
61.43059608170071	129961.32892679464
61.4614422676115	143349.43505070402
61.4922884535223	114510.3324045497
61.523134639433096	127262.01128648777
61.55398082534389	104954.95328179206
61.58482701125469	148681.50449718512
61.615673197165485	133359.38717577799
61.64651938307628	133180.90748552518
61.67736556898708	109594.77396165987
61.708211754897874	138772.87275614898
61.73905794080867	128914.41104534961
61.76990412671947	105229.3179108593
61.800750312630264	144630.86257504483
61.83159649854106	90549.11613057001
61.86244268445186	114992.22386282976
61.89328887036265	130761.9030523336
61.92413505627345	132040.11908271807
61.954981242184246	153563.05191305408
61.98582742809504	139025.97989751084
62.01667361400584	107501.27327157807
62.047519799916635	141584.8541174006
62.07836598582743	163175.9672270025
62.10921217173823	152532.72091042693
62.140058357649025	105369.7964659543
62.17090454355982	157836.30832773718
62.20175072947061	137885.5612333903
62.23259691538141	145587.62482899035
62.263443101292204	143996.49767209226
62.294289287203	134095.87289428053
62.3251354731138	121961.06239171259
62.35598165902459	144505.20710046013
62.38682784493539	154550.27694754646
62.417674030846186	137979.70020326288
62.44852021675698	134068.1586635972
62.47936640266778	122386.60128973708
62.510212588578575	150855.30322033638
62.54105877448937	145112.57310090394
62.57190496040017	125146.64200971658
62.602751146310965	139394.5988055395
62.63359733222176	111984.62813672703
62.66444351813256	110392.52504543429
62.695289704043354	153799.29510710842
62.72613588995415	159639.41131404127
62.75698207586495	94521.94588128498
62.78782826177574	98156.13448084597
62.81867444768654	157400.39204085592
62.849520633597336	131172.54841390598
62.88036681950813	158424.6666456594
62.91121300541893	139310.50441726236
62.94205919132972	142230.1994733464
62.972905377240515	123962.27222861153
63.00375156315131	155683.3230749351
63.03459774906211	164520.01936920863
63.065443934972905	139767.7932416357
63.0962901208837	122456.90828780318
63.1271363067945	163051.86585532944
63.157982492705294	140225.1556900656
63.18882867861609	147782.19935566286
63.21967486452689	163253.56135361077
63.25052105043768	135653.67614452567
63.28136723634848	150447.95599734256
63.312213422259276	135758.86282177488
63.34305960817007	110583.27321549054
63.37390579408087	157596.7108721075
63.404751979991666	133226.2664844569
63.43559816590246	155111.04659406125
63.46644435181326	160407.24386110404
63.497290537724055	160254.9799229676
63.52813672363485	167488.7788013788
63.55898290954565	163169.78776156373
63.589829095456444	141084.09767750298
63.62067528136724	162311.161497234
63.65152146727804	146195.13068926605
63.68236765318883	138950.04525119055
63.71321383909962	163729.213240038
63.74406002501042	151659.04890697222
63.774906210921216	149634.40379458375
63.80575239683201	153079.79750797636
63.83659858274281	117562.4666913782
63.867444768653606	145599.04938787073
63.8982909545644	149363.16127516463
63.9291371404752	140677.12782291888
63.959983326385995	136062.2793571212
63.99082951229679	104975.86018651316
64.02167569820759	136466.755339017
64.05252188411839	173670.1678148819
64.08336807002918	134202.76369938836
64.11421425593997	158312.3813288214
64.14506044185077	148135.05202676327
64.17590662776158	139242.5915471233
64.20675281367237	154225.87754209942
64.23759899958316	166336.730354075
64.26844518549396	148438.05362416242
64.29929137140476	160218.69661592523
64.33013755731555	164519.90775173088
64.36098374322634	151881.06292182652
64.39182992913715	194984.4748541625
64.42267611504793	173372.8740185245
64.45352230095872	160156.9092431838
64.48436848686953	169484.6540626959
64.51521467278033	135090.42828404813
64.54606085869112	199748.9207705997
64.57690704460191	149307.4040939198
64.60775323051271	203660.66665419232
64.63859941642352	161005.34639340927
64.6694456023343	201880.21929222165
64.7002917882451	200076.12721130537
64.7311379741559	160705.10677229823
64.7619841600667	162035.07493215494
64.79283034597749	207674.70982764073
64.82367653188828	193378.14023448102
64.85452271779909	195355.75600414793
64.88536890370989	232582.3118801086
64.91621508962068	202347.84705709768
64.94706127553147	241181.84858805375
64.97790746144227	209348.24419251864
65.00875364735307	205344.41793500734
65.03959983326386	226019.4567531447
65.07044601917465	239672.18985006516
65.10129220508546	205886.50180335602
65.13213839099626	234948.6769342348
65.16298457690704	213065.22763358164
65.19383076281784	237911.1257479714
65.22467694872864	268701.7852290144
65.25552313463943	229483.29216575687
65.28636932055022	254107.20678910703
65.31721550646103	242035.6581527631
65.34806169237183	229971.61886557986
65.37890787828262	247245.5283170878
65.40975406419341	287377.73554384074
65.44060025010421	310922.065843238
65.47144643601501	302217.8366379774
65.5022926219258	243652.75164548788
65.5331388078366	249146.18477873458
65.5639849937474	317105.60955743294
65.5948311796582	292439.3935407554
65.62567736556899	250786.564998399
65.65652355147978	289625.8647231067
65.68736973739058	306102.6801011971
65.71821592330139	279485.24680658616
65.74906210921218	270126.71422808553
65.77990829512297	281809.60315802746
65.81075448103377	332295.3180128169
65.84160066694457	287640.0635198529
65.87244685285535	293867.4334817639
65.90329303876615	289247.2571943485
65.93413922467695	312826.7082894288
65.96498541058774	286980.45738438057
65.99583159649853	304363.0542658075
66.02667778240934	280411.45652505377
66.05752396832014	320519.5427235957
66.08837015423093	352351.1826648034
66.11921634014172	283435.6596931862
66.15006252605252	312983.65422802523
66.18090871196333	322492.9826937189
66.21175489787412	319062.0032660142
66.2426010837849	285819.4688106632
66.27344726969571	281317.82439414004
66.30429345560651	320358.33877299295
66.3351396415173	278607.4237708214
66.36598582742809	289713.68229631596
66.3968320133389	323844.8799903973
66.4276781992497	300149.815679522
66.45852438516049	330764.64125619887
66.48937057107128	296136.20308419125
66.52021675698208	288847.36470558937
66.55106294289288	264909.4252919216
66.58190912880367	267406.521271161
66.61275531471446	275450.74503801396
66.64360150062527	273597.0547983554
66.67444768653606	287661.3193434651
66.70529387244684	275914.3966579214
66.73614005835765	215052.58113595832
66.76698624426845	298330.94160604745
66.79783243017924	274923.03353286505
66.82867861609003	250062.97618822564
66.85952480200083	255466.30824248263
66.89037098791164	272367.6847601211
66.92121717382243	253925.28800597135
66.95206335973322	224744.74430672656
66.98290954564402	226419.05889417583
67.01375573155482	257716.49537550836
67.04460191746561	239055.16869534896
67.0754481033764	240413.80663977313
67.1062942892872	217685.94567482677
67.13714047519801	207263.30968514807
67.1679866611088	188880.06014210684
67.19883284701959	220296.30439024203
67.22967903293039	206029.71121399582
67.2605252188412	211157.2239011054
67.29137140475198	211709.85520630179
67.32221759066277	200055.14260409627
67.35306377657358	231582.57728901255
67.38390996248437	212839.47207275606
67.41475614839516	163517.09635705472
67.44560233430596	149491.02607039036
67.47644852021676	193251.92842142508
67.50729470612755	159720.01840714557
67.53814089203834	219458.11009803833
67.56898707794915	153916.5885517673
67.59983326385995	188021.6646342117
67.63067944977074	211164.98775386444
67.66152563568153	184783.18088228462
67.69237182159233	183521.85193976448
67.72321800750314	167077.98684650296
67.75406419341392	170141.48883867136
67.78491037932471	187182.3148966777
67.81575656523552	179150.2918001841
67.84660275114632	145456.08604955228
67.87744893705711	153080.6491389101
67.9082951229679	178582.25322435418
67.9391413088787	143212.86961748145
67.9699874947895	184501.6058810499
68.0008336807003	156722.41906125928
68.03167986661109	149616.3990067057
68.06252605252189	114205.64809317217
68.09337223843268	181218.6339905409
68.12421842434347	156466.8495125218
68.15506461025427	142589.6983359443
68.18591079616507	137271.55522535968
68.21675698207586	164797.27039063806
68.24760316798665	190932.09839505222
68.27844935389746	139515.82326902702
68.30929553980826	127800.62149435063
68.34014172571905	131586.964066368
68.37098791162984	139637.61120279154
68.40183409754064	176603.37488472305
68.43268028345145	106444.28435218746
68.46352646936224	147404.8969748721
68.49437265527303	162572.62901149932
68.52521884118383	132122.6198202112
68.55606502709463	104694.98814881395
68.58691121300542	103123.42048627455
68.61775739891621	112484.82046386825
68.64860358482701	151339.4789115497
68.67944977073782	150616.02400663414
68.71029595664861	159679.61263091682
68.7411421425594	110648.39461259583
68.7719883284702	127152.18839568949
68.802834514381	124457.86706669851
68.83368070029178	165301.20127768532
68.86452688620258	96159.2809913664
68.89537307211339	95217.07702039956
68.92621925802418	127101.35189094626
68.95706544393497	123266.62333815354
68.98791162984577	136860.0757718789
69.01875781575657	117732.37666593351
69.04960400166736	144881.31615339473
69.08045018757815	133363.30235227314
69.11129637348895	166037.73891241933
69.14214255939976	156012.84726699395
69.17298874531055	136651.67261592692
69.20383493122134	120308.20466097064
69.23468111713214	135615.30145706222
69.26552730304294	109937.88794273163
69.29637348895373	141443.14544116962
69.32721967486452	99705.6730306744
69.35806586077533	121056.13233572022
69.38891204668613	150612.27170065005
69.41975823259692	145859.64633870852
69.45060441850771	104494.57141481755
69.48145060441851	112065.85507726527
69.51229679032932	146140.58978566848
69.54314297624009	158707.4788038643
69.5739891621509	148577.76814190196
69.6048353480617	122147.98465400319
69.63568153397249	132059.87097314096
69.66652771988328	166553.5086459785
69.69737390579408	158279.9441654261
69.72822009170488	129429.00113688278
69.75906627761567	126771.53123733778
69.78991246352646	136461.29591892957
69.82075864943727	158169.89466469074
69.85160483534807	132276.09240236337
69.88245102125886	126785.60983632017
69.91329720716965	146351.68580132304
69.94414339308045	109242.26332332157
69.97498957899126	138944.29043478277
70.00583576490205	132842.0286166523
70.03668195081283	110676.06295775877
70.06752813672364	119287.88733836515
70.09837432263443	111645.54122766049
70.12922050854523	137667.36624561984
70.16006669445602	122694.1586906619
70.19091288036682	150537.5627087481
70.22175906627761	136151.780853679
70.25260525218842	135580.06623261614
70.2834514380992	119658.35165555646
70.31429762401001	119424.15261610597
70.3451438099208	116518.99961138051
70.3759899958316	147264.009001963
70.40683618174239	154821.52803290042
70.4376823676532	121148.65560285642
70.46852855356398	145517.35608055923
70.49937473947479	143671.50525950332
70.53022092538558	136653.9442618715
70.56106711129638	127646.07525956069
70.59191329720717	159806.0960986911
70.62275948311797	132919.75818554588
70.65360566902876	130798.57172297496
70.68445185493955	113977.6355288935
70.71529804085036	135107.30225490927
70.74614422676115	156233.88220153304
70.77699041267195	128508.88712923919
70.80783659858274	103677.01658199097
70.83868278449354	133640.31255461328
70.86952897040433	162667.23178061616
70.90037515631514	140605.42784851865
70.93122134222592	106113.81673722688
70.96206752813673	109061.60871258889
70.99291371404752	105190.8076343947
71.02375989995832	143403.53852584778
71.05460608586911	104740.71171214647
71.08545227177991	123231.32886578108
71.1162984576907	121963.62909456069
71.14714464360151	133421.95710750186
71.1779908295123	134095.9060238589
71.2088370154231	140709.4778815826
71.23968320133389	119137.56441488702
71.2705293872447	105603.03426077978
71.30137557315548	93807.18194921366
71.33222175906629	134192.4744430761
71.36306794497708	99496.78943573986
71.39391413088786	121186.16500022508
71.42476031679867	98013.84259347666
71.45560650270946	116877.2728626018
71.48645268862026	130300.02757189883
71.51729887453105	120099.78439634637
71.54814506044185	86541.72938497056
71.57899124635264	136347.5482633716
71.60983743226345	117300.51768215929
71.64068361817424	133021.93960497263
71.67152980408504	125311.11741832175
71.70237598999583	103608.12146418956
71.73322217590663	136305.17767922525
71.76406836181742	134445.09860848568
71.79491454772823	114929.37166300157
71.82576073363902	143800.78437758246
71.85660691954982	153327.86398825643
71.88745310546061	93849.76895881342
71.91829929137141	70390.68121672315
71.9491454772822	84056.06694456797
71.979991663193	166106.992995598
72.0108378491038	107003.98095128397
72.0416840350146	113602.70921559652
72.07253022092539	95740.18043892982
72.10337640683619	140671.3078226958
72.13422259274698	118808.32977977264
72.16506877865777	110792.00740467703
72.19591496456857	82856.23182151513
72.22676115047936	92371.03473908055
72.25760733639017	114217.35367874068
72.28845352230096	107138.18326224232
72.31929970821176	117369.26102998594
72.35014589412255	98866.36968235737
72.38099208003335	101173.62876471158
72.41183826594414	113287.64246245292
72.44268445185494	100405.79964722325
72.47353063776573	101205.85390767147
72.50437682367654	109508.17236726757
72.53522300958733	89766.85146437446
72.56606919549813	156401.5271465766
72.59691538140892	73929.47101216658
72.62776156731972	85681.27442584399
72.65860775323051	138167.38145692518
72.68945393914132	89206.9536173349
72.7203001250521	121848.61216483559
72.75114631096291	93307.77533231562
72.7819924968737	118480.60877852298
72.8128386827845	102393.69544915952
72.84368486869529	73831.26871726461
72.87453105460608	121988.71623391694
72.90537724051688	116450.06190244421
72.93622342642767	109734.03422770365
72.96706961233848	108415.17619459206
72.99791579824927	118111.10257400098
73.02876198416007	96850.48254477678
73.05960817007086	88286.00132179362
73.09045435598166	110903.06904391298
73.12130054189245	155175.30692522315
73.15214672780326	73440.18495792864
73.18299291371405	100105.30576493627
73.21383909962485	123029.62986864346
73.24468528553564	47959.56757142752
73.27553147144644	109183.117943084
73.30637765735723	120584.36023593639
73.33722384326803	130734.79156764476
73.36807002917882	101549.65119877261
73.39891621508963	143870.2767462681
73.42976240100042	110157.1855518077
73.46060858691122	116902.24547729379
73.49145477282201	93705.94190039477
73.52230095873281	108398.81449170795
73.5531471446436	118701.34969932432
73.58399333055439	112536.83627845091
73.6148395164652	97539.45749619785
73.64568570237599	128124.79126064788
73.67653188828679	115149.1732791765
73.70737807419758	85658.59012720034
73.73822426010838	126117.30617683497
73.76907044601917	97825.85795994179
73.79991663192997	121795.75917677234
73.83076281784076	74215.23201752208
73.86160900375157	84874.13299300021
73.89245518966236	98235.39206735251
73.92330137557316	112398.96954216684
73.95414756148395	83817.37199370186
73.98499374739475	104146.2993430744
74.01583993330554	113602.36593480202
74.04668611921635	103562.66791760303
74.07753230512714	66634.24767055143
74.10837849103794	87543.97934165312
74.13922467694873	104219.51584547415
74.17007086285953	98611.466245317
74.20091704877032	104369.76374673021
74.23176323468113	101332.40201272786
74.26260942059191	100798.46779795282
74.29345560650272	128762.88802177645
74.32430179241351	117854.88547068597
74.3551479783243	101392.13082676359
74.3859941642351	96123.99060627523
74.41684035014589	119834.20366491668
74.4476865360567	156311.8050918856
74.47853272196748	139671.92327590068
74.50937890787829	155455.31915396272
74.54022509378908	115165.75707486445
74.57107127969988	195545.65408697922
74.60191746561067	176851.70384822713
74.63276365152147	154339.7232751297
74.66360983743226	186725.62632568768
74.69445602334306	202135.3542923379
74.72530220925385	194948.5337810346
74.75614839516466	227680.13476119842
74.78699458107545	165322.86781689827
74.81784076698625	258376.59330021957
74.84868695289704	231923.80097517106
74.87953313880784	221415.72583710443
74.91037932471863	189025.49601958232
74.94122551062944	223371.87364251504
74.97207169654023	243916.1554872762
75.00291788245103	272586.2668537879
75.03376406836182	235693.1021003307
75.06461025427261	245929.79698080572
75.09545644018341	288100.6036849929
75.1263026260942	299993.2023929734
75.157148812005	279530.3326834226
75.1879949979158	295484.1215845741
75.2188411838266	305952.32311152003
75.24968736973739	296410.46394505317
75.28053355564819	302882.28634691896
75.31137974155898	297024.6028841027
75.34222592746978	313227.2035092643
75.37307211338057	305694.1358407546
75.40391829929138	272549.5236412456
75.43476448520217	305619.17276549427
75.46561067111297	320621.2173759334
75.49645685702376	338585.6573326859
75.52730304293456	335618.7833761129
75.55814922884535	295723.9401615197
75.58899541475616	296011.56951010384
75.61984160066694	271444.6289028654
75.65068778657775	278429.2015576856
75.68153397248854	270971.4944911287
75.71238015839934	250113.63131972216
75.74322634431013	218047.01153509508
75.77407253022093	222039.4319632404
75.80491871613172	256666.14955103947
75.83576490204251	244101.30426188192
75.86661108795332	234835.16199121726
75.8974572738641	214688.33834376113
75.92830345977491	233503.1085670665
75.9591496456857	193124.30045344486
75.9899958315965	171823.48951559793
76.02084201750729	168407.907891726
76.0516882034181	174230.2022028992
76.08253438932888	168777.11826794472
76.11338057523969	127547.16148271745
76.14422676115048	135416.7325112508
76.17507294706128	148530.10416241555
76.20591913297207	157944.8837331819
76.23676531888287	178406.58745170408
76.26761150479366	101483.07674652459
76.29845769070447	96126.40868512267
76.32930387661526	83994.02782465435
76.36015006252606	74323.78288626562
76.39099624843685	122028.40728301654
76.42184243434765	93603.68909505813
76.45268862025844	81741.61435779538
76.48353480616925	85796.00692535996
76.51438099208004	104051.03421599962
76.54522717799082	57650.55046141174
76.57607336390163	88978.29203385315
76.60691954981242	82873.89360937971
76.63776573572322	73159.36267759513
76.66861192163401	52579.58507403589
76.69945810754481	76016.77473714805
76.7303042934556	62178.583655553426
76.7611504793664	117418.46770737655
76.7919966652772	82290.63134150741
76.822842851188	87102.48707166965
76.85368903709879	110984.54624420505
76.88453522300959	47015.96604688494
76.91538140892038	55506.305639381506
76.94622759483119	84984.20736752533
76.97707378074197	52259.999119423876
77.00791996665278	47804.90814749015
77.03876615256357	34808.387770961024
77.06961233847437	67375.53334331543
77.10045852438516	82440.51578610031
77.13130471029596	75307.7296098385
77.16215089620675	73698.839707711
77.19299708211756	110614.66243757722
77.22384326802835	79793.14969231657
77.25468945393914	91443.64198908144
77.28553563984994	85408.04794186275
77.31638182576073	73164.0414935522
77.34722801167153	32528.5531157746
77.37807419758232	29730.599790628334
77.40892038349313	60797.03353580424
77.43976656940391	53329.62335422422
77.47061275531472	54779.89070729543
77.50145894122551	47853.85932755258
77.53230512713631	59304.95169057466
77.5631513130471	19105.905519650914
77.5939974989579	10057.930811479207
77.6248436848687	19658.953850133144
77.6556898707795	55296.682872099496
77.68653605669029	94315.83547522193
77.71738224260109	33221.59351320646
77.74822842851188	41909.19954361731
77.77907461442268	70186.2860408528
77.80992080033347	38814.26472369268
77.84076698624428	44011.297039331264
77.87161317215507	48716.69545674524
77.90245935806587	42387.310058250936
77.93330554397666	48867.73416262197
77.96415172988746	79006.31603866747
77.99499791579825	48261.88575327625
78.02584410170904	-4205.778126264719
78.05669028761984	39529.29835486938
78.08753647353063	10760.49838171449
78.11838265944144	66674.63540213782
78.14922884535223	66959.95741246885
78.18007503126303	60067.4825262399
78.21092121717382	27148.48207395119
78.24176740308462	21725.611033382727
78.27261358899541	41630.18167370976
78.30345977490622	36167.148268586316
78.334305960817	70974.17059144352
78.36515214672781	43725.742376906186
78.3959983326386	17241.82796651843
78.4268445185494	39939.87470988561
78.45769070446019	47753.63012671009
78.488536890371	32778.24632890744
78.51938307628178	24703.60294579409
78.55022926219259	37848.27810611328
78.58107544810338	40839.719600785684
78.61192163401418	26150.904651599845
78.64276781992497	4034.7543595106836
78.67361400583577	43379.68472074304
78.70446019174656	8502.261192717695
78.73530637765735	15600.295250192783
78.76615256356816	29371.683864174025
78.79699874947895	74891.42226869563
78.82784493538975	47990.09177207791
78.85869112130054	10354.610244828564
78.88953730721134	24058.695226775988
78.92038349312213	39885.1889364099
78.95122967903293	21674.529367947165
78.98207586494372	26666.23337858872
79.01292205085453	48027.6673748106
79.04376823676532	45861.26209416549
79.07461442267612	33224.43065502641
79.10546060858691	30049.821314621615
79.13630679449771	7785.898718517808
79.1671529804085	60707.67327291544
79.1979991663193	34830.04850212757
79.2288453522301	46797.69142223889
79.2596915381409	34969.71418774573
79.29053772405169	16543.44467401687
79.32138390996249	14151.967408431248
79.35223009587328	29328.302876746005
79.38307628178408	24765.13261396695
79.41392246769487	30772.406367476447
79.44476865360568	32082.010815282032
79.47561483951647	77699.73087216006
79.50646102542726	53512.03453846325
79.53730721133806	36144.354856701655
79.56815339724885	17735.734193152308
79.59899958315965	25256.095606858562
79.62984576907044	26527.182963185245
79.66069195498125	41110.43961695097
79.69153814089204	62803.403273112686
79.72238432680284	6691.909623589028
79.75323051271363	39740.90939920017
79.78407669862443	44795.96881676044
79.81492288453522	45813.43796252095
79.84576907044602	44656.53515494759
79.87661525635681	32682.43603136149
79.90746144226762	27124.487879342818
79.9383076281784	59546.62925816833
79.96915381408921	51617.93083801289
80.0	2717.2959735361437
